[[array([ -5.0023482 , -15.00068507, -10.00292939,   8.99864674,
         3.99420627,  -6.00061914,   2.99625149, -10.00452248,
         0.94746024,  13.99923257,  -0.01979839,  -0.01882993,
        14.99729926,  -0.01959385,  -0.01797253,   7.00001951,
        -0.01718848,  -3.00538457,   0.96640147,  -8.00291469]), -1.0024644562933145], [array([ -5.0023482 , -15.00068507, -10.00292939,   8.99864674,
         3.99420627,  -6.00061914,   2.99625149, -10.00452248,
         0.94746024,  13.99923257,  -0.01979839,  -0.01882993,
        14.99729926,  -0.01959385,  -0.01797253,   7.00001951,
        -0.01718848,  -3.00538457,   0.96640147,  -8.00291469]), -1.0047925758146212], [array([ -5.0023482 , -15.00068507, -10.00292939,   8.99864674,
         3.99420627,  -6.00061914,   2.99625149, -10.00452248,
         0.94746024,  13.99923257,  -0.01979839,  -0.01882993,
        14.99729926,  -0.01959385,  -0.01797253,   7.00001951,
        -0.01718848,  -3.00538457,   0.96640147,  -8.00291469]), -1.006991570810426], [array([ -5.0023482 , -15.00068507, -10.00292939,   8.99864674,
         3.99420627,  -6.00061914,   2.99625149, -10.00452248,
         0.94746024,  13.99923257,  -0.01979839,  -0.01882993,
        14.99729926,  -0.01959385,  -0.01797253,   7.00001951,
        -0.01718848,  -3.00538457,   0.96640147,  -8.00291469]), -1.009068267008606], [array([ -5.0023482 , -15.00068507, -10.00292939,   8.99864674,
         3.99420627,  -6.00061914,   2.99625149, -10.00452248,
         0.94746024,  13.99923257,  -0.01979839,  -0.01882993,
        14.99729926,  -0.01959385,  -0.01797253,   7.00001951,
        -0.01718848,  -3.00538457,   0.96640147,  -8.00291469]), -1.0110291247392593], [array([ -5.0023482 , -15.00068507, -10.00292939,   8.99864674,
         3.99420627,  -6.00061914,   2.99625149, -10.00452248,
         0.94746024,  13.99923257,  -0.01979839,  -0.01882993,
        14.99729926,  -0.01959385,  -0.01797253,   7.00001951,
        -0.01718848,  -3.00538457,   0.96640147,  -8.00291469]), -1.012880258896931], [array([ -5.0023482 , -15.00068507, -10.00292939,   8.99864674,
         3.99420627,  -6.00061914,   2.99625149, -10.00452248,
         0.94746024,  13.99923257,  -0.01979839,  -0.01882993,
        14.99729926,  -0.01959385,  -0.01797253,   7.00001951,
        -0.01718848,  -3.00538457,   0.96640147,  -8.00291469]), -1.0146274578028287], [array([ -5.0023482 , -15.00068507, -10.00292939,   8.99864674,
         3.99420627,  -6.00061914,   2.99625149, -10.00452248,
         0.94746024,  13.99923257,  -0.01979839,  -0.01882993,
        14.99729926,  -0.01959385,  -0.01797253,   7.00001951,
        -0.01718848,  -3.00538457,   0.96640147,  -8.00291469]), -1.0162762010239859], [array([ -5.0023482 , -15.00068507, -10.00292939,   8.99864674,
         3.99420627,  -6.00061914,   2.99625149, -10.00452248,
         0.94746024,  13.99923257,  -0.01979839,  -0.01882993,
        14.99729926,  -0.01959385,  -0.01797253,   7.00001951,
        -0.01718848,  -3.00538457,   0.96640147,  -8.00291469]), -1.0178316762044406], [array([ -5.0023482 , -15.00068507, -10.00292939,   8.99864674,
         3.99420627,  -6.00061914,   2.99625149, -10.00452248,
         0.94746024,  13.99923257,  -0.01979839,  -0.01882993,
        14.99729926,  -0.01959385,  -0.01797253,   7.00001951,
        -0.01718848,  -3.00538457,   0.96640147,  -8.00291469]), -1.0192987949614314], [array([ -5.0023482 , -15.00068507, -10.00292939,   8.99864674,
         3.99420627,  -6.00061914,   2.99625149, -10.00452248,
         0.94746024,  13.99923257,  -0.01979839,  -0.01882993,
        14.99729926,  -0.01959385,  -0.01797253,   7.00001951,
        -0.01718848,  -3.00538457,   0.96640147,  -8.00291469]), -1.0206822078974394], [array([ -5.0023482 , -15.00068507, -10.00292939,   8.99864674,
         3.99420627,  -6.00061914,   2.99625149, -10.00452248,
         0.94746024,  13.99923257,  -0.01979839,  -0.01882993,
        14.99729926,  -0.01959385,  -0.01797253,   7.00001951,
        -0.01718848,  -3.00538457,   0.96640147,  -8.00291469]), -1.0219863187766711], [array([ -5.0023482 , -15.00068507, -10.00292939,   8.99864674,
         3.99420627,  -6.00061914,   2.99625149, -10.00452248,
         0.94746024,  13.99923257,  -0.01979839,  -0.01882993,
        14.99729926,  -0.01959385,  -0.01797253,   7.00001951,
        -0.01718848,  -3.00538457,   0.96640147,  -8.00291469]), -1.0232152979123188], [array([ -5.0023482 , -15.00068507, -10.00292939,   8.99864674,
         3.99420627,  -6.00061914,   2.99625149, -10.00452248,
         0.94746024,  13.99923257,  -0.01979839,  -0.01882993,
        14.99729926,  -0.01959385,  -0.01797253,   7.00001951,
        -0.01718848,  -3.00538457,   0.96640147,  -8.00291469]), -1.0243730948086849], [array([ -5.0023482 , -15.00068507, -10.00292939,   8.99864674,
         3.99420627,  -6.00061914,   2.99625149, -10.00452248,
         0.94746024,  13.99923257,  -0.01979839,  -0.01882993,
        14.99729926,  -0.01959385,  -0.01797253,   7.00001951,
        -0.01718848,  -3.00538457,   0.96640147,  -8.00291469]), -1.0254634501000348], [array([ -5.0023482 , -15.00068507, -10.00292939,   8.99864674,
         3.99420627,  -6.00061914,   2.99625149, -10.00452248,
         0.94746024,  13.99923257,  -0.01979839,  -0.01882993,
        14.99729926,  -0.01959385,  -0.01797253,   7.00001951,
        -0.01718848,  -3.00538457,   0.96640147,  -8.00291469]), -1.026489906825875], [array([ -5.0023482 , -15.00068507, -10.00292939,   8.99864674,
         3.99420627,  -6.00061914,   2.99625149, -10.00452248,
         0.94746024,  13.99923257,  -0.01979839,  -0.01882993,
        14.99729926,  -0.01959385,  -0.01797253,   7.00001951,
        -0.01718848,  -3.00538457,   0.96640147,  -8.00291469]), -1.0274558210802363], [array([ -5.0023482 , -15.00068507, -10.00292939,   8.99864674,
         3.99420627,  -6.00061914,   2.99625149, -10.00452248,
         0.94746024,  13.99923257,  -0.01979839,  -0.01882993,
        14.99729926,  -0.01959385,  -0.01797253,   7.00001951,
        -0.01718848,  -3.00538457,   0.96640147,  -8.00291469]), -1.028364372070509], [array([ -5.0023482 , -15.00068507, -10.00292939,   8.99864674,
         3.99420627,  -6.00061914,   2.99625149, -10.00452248,
         0.94746024,  13.99923257,  -0.01979839,  -0.01882993,
        14.99729926,  -0.01959385,  -0.01797253,   7.00001951,
        -0.01718848,  -3.00538457,   0.96640147,  -8.00291469]), -1.0292185716194162], [array([ -5.0023482 , -15.00068507, -10.00292939,   8.99864674,
         3.99420627,  -6.00061914,   2.99625149, -10.00452248,
         0.94746024,  13.99923257,  -0.01979839,  -0.01882993,
        14.99729926,  -0.01959385,  -0.01797253,   7.00001951,
        -0.01718848,  -3.00538457,   0.96640147,  -8.00291469]), -1.0300212731418288], [array([ -5.0023482 , -15.00068507, -10.00292939,   8.99864674,
         3.99420627,  -6.00061914,   2.99625149, -10.00452248,
         0.94746024,  13.99923257,  -0.01979839,  -0.01882993,
        14.99729926,  -0.01959385,  -0.01797253,   7.00001951,
        -0.01718848,  -3.00538457,   0.96640147,  -8.00291469]), -1.0307751801263378], [array([ -5.0023482 , -15.00068507, -10.00292939,   8.99864674,
         3.99420627,  -6.00061914,   2.99625149, -10.00452248,
         0.94746024,  13.99923257,  -0.01979839,  -0.01882993,
        14.99729926,  -0.01959385,  -0.01797253,   7.00001951,
        -0.01718848,  -3.00538457,   0.96640147,  -8.00291469]), -1.0314828541497918], [array([ -5.0023482 , -15.00068507, -10.00292939,   8.99864674,
         3.99420627,  -6.00061914,   2.99625149, -10.00452248,
         0.94746024,  13.99923257,  -0.01979839,  -0.01882993,
        14.99729926,  -0.01959385,  -0.01797253,   7.00001951,
        -0.01718848,  -3.00538457,   0.96640147,  -8.00291469]), -1.0321467224513818], [array([ -5.0023482 , -15.00068507, -10.00292939,   8.99864674,
         3.99420627,  -6.00061914,   2.99625149, -10.00452248,
         0.94746024,  13.99923257,  -0.01979839,  -0.01882993,
        14.99729926,  -0.01959385,  -0.01797253,   7.00001951,
        -0.01718848,  -3.00538457,   0.96640147,  -8.00291469]), -1.032769085091326], [array([ -5.0023482 , -15.00068507, -10.00292939,   8.99864674,
         3.99420627,  -6.00061914,   2.99625149, -10.00452248,
         0.94746024,  13.99923257,  -0.01979839,  -0.01882993,
        14.99729926,  -0.01959385,  -0.01797253,   7.00001951,
        -0.01718848,  -3.00538457,   0.96640147,  -8.00291469]), -1.033352121717744], [array([ -5.0023482 , -15.00068507, -10.00292939,   8.99864674,
         3.99420627,  -6.00061914,   2.99625149, -10.00452248,
         0.94746024,  13.99923257,  -0.01979839,  -0.01882993,
        14.99729926,  -0.01959385,  -0.01797253,   7.00001951,
        -0.01718848,  -3.00538457,   0.96640147,  -8.00291469]), -1.0338978979639417], [array([ -5.0023482 , -15.00068507, -10.00292939,   8.99864674,
         3.99420627,  -6.00061914,   2.99625149, -10.00452248,
         0.94746024,  13.99923257,  -0.01979839,  -0.01882993,
        14.99729926,  -0.01959385,  -0.01797253,   7.00001951,
        -0.01718848,  -3.00538457,   0.96640147,  -8.00291469]), -1.0344083714970267], [array([ -5.0023482 , -15.00068507, -10.00292939,   8.99864674,
         3.99420627,  -6.00061914,   2.99625149, -10.00452248,
         0.94746024,  13.99923257,  -0.01979839,  -0.01882993,
        14.99729926,  -0.01959385,  -0.01797253,   7.00001951,
        -0.01718848,  -3.00538457,   0.96640147,  -8.00291469]), -1.034885397737551], [array([ -5.0023482 , -15.00068507, -10.00292939,   8.99864674,
         3.99420627,  -6.00061914,   2.99625149, -10.00452248,
         0.94746024,  13.99923257,  -0.01979839,  -0.01882993,
        14.99729926,  -0.01959385,  -0.01797253,   7.00001951,
        -0.01718848,  -3.00538457,   0.96640147,  -8.00291469]), -1.035330735268726], [array([ -5.0023482 , -15.00068507, -10.00292939,   8.99864674,
         3.99420627,  -6.00061914,   2.99625149, -10.00452248,
         0.94746024,  13.99923257,  -0.01979839,  -0.01882993,
        14.99729926,  -0.01959385,  -0.01797253,   7.00001951,
        -0.01718848,  -3.00538457,   0.96640147,  -8.00291469]), -1.0357460509526675], [array([ -5.0023482 , -15.00068507, -10.00292939,   8.99864674,
         3.99420627,  -6.00061914,   2.99625149, -10.00452248,
         0.94746024,  13.99923257,  -0.01979839,  -0.01882993,
        14.99729926,  -0.01959385,  -0.01797253,   7.00001951,
        -0.01718848,  -3.00538457,   0.96640147,  -8.00291469]), -1.0361329247701065], [array([ -5.0023482 , -15.00068507, -10.00292939,   8.99864674,
         3.99420627,  -6.00061914,   2.99625149, -10.00452248,
         0.94746024,  13.99923257,  -0.01979839,  -0.01882993,
        14.99729926,  -0.01959385,  -0.01797253,   7.00001951,
        -0.01718848,  -3.00538457,   0.96640147,  -8.00291469]), -1.0364928543990437], [array([ -5.0023482 , -15.00068507, -10.00292939,   8.99864674,
         3.99420627,  -6.00061914,   2.99625149, -10.00452248,
         0.94746024,  13.99923257,  -0.01979839,  -0.01882993,
        14.99729926,  -0.01959385,  -0.01797253,   7.00001951,
        -0.01718848,  -3.00538457,   0.96640147,  -8.00291469]), -1.0368272595469175], [array([ -5.0023482 , -15.00068507, -10.00292939,   8.99864674,
         3.99420627,  -6.00061914,   2.99625149, -10.00452248,
         0.94746024,  13.99923257,  -0.01979839,  -0.01882993,
        14.99729926,  -0.01959385,  -0.01797253,   7.00001951,
        -0.01718848,  -3.00538457,   0.96640147,  -8.00291469]), -1.037137486050011], [array([ -5.0023482 , -15.00068507, -10.00292939,   8.99864674,
         3.99420627,  -6.00061914,   2.99625149, -10.00452248,
         0.94746024,  13.99923257,  -0.01979839,  -0.01882993,
        14.99729926,  -0.01959385,  -0.01797253,   7.00001951,
        -0.01718848,  -3.00538457,   0.96640147,  -8.00291469]), -1.0374248097530219], [array([ -5.0023482 , -15.00068507, -10.00292939,   8.99864674,
         3.99420627,  -6.00061914,   2.99625149, -10.00452248,
         0.94746024,  13.99923257,  -0.01979839,  -0.01882993,
        14.99729926,  -0.01959385,  -0.01797253,   7.00001951,
        -0.01718848,  -3.00538457,   0.96640147,  -8.00291469]), -1.0376904401809677], [array([ -5.0023482 , -15.00068507, -10.00292939,   8.99864674,
         3.99420627,  -6.00061914,   2.99625149, -10.00452248,
         0.94746024,  13.99923257,  -0.01979839,  -0.01882993,
        14.99729926,  -0.01959385,  -0.01797253,   7.00001951,
        -0.01718848,  -3.00538457,   0.96640147,  -8.00291469]), -1.0379355240149024], [array([ -5.0023482 , -15.00068507, -10.00292939,   8.99864674,
         3.99420627,  -6.00061914,   2.99625149, -10.00452248,
         0.94746024,  13.99923257,  -0.01979839,  -0.01882993,
        14.99729926,  -0.01959385,  -0.01797253,   7.00001951,
        -0.01718848,  -3.00538457,   0.96640147,  -8.00291469]), -1.038161148382247], [array([ -5.0023482 , -15.00068507, -10.00292939,   8.99864674,
         3.99420627,  -6.00061914,   2.99625149, -10.00452248,
         0.94746024,  13.99923257,  -0.01979839,  -0.01882993,
        14.99729926,  -0.01959385,  -0.01797253,   7.00001951,
        -0.01718848,  -3.00538457,   0.96640147,  -8.00291469]), -1.0383683439719231], [array([ -5.0023482 , -15.00068507, -10.00292939,   8.99864674,
         3.99420627,  -6.00061914,   2.99625149, -10.00452248,
         0.94746024,  13.99923257,  -0.01979839,  -0.01882993,
        14.99729926,  -0.01959385,  -0.01797253,   7.00001951,
        -0.01718848,  -3.00538457,   0.96640147,  -8.00291469]), -1.0385580879838903]]